# LAMMPS data file written by OVITO Pro 3.15.0

96 atoms
2 atom types

7.7348724699 0.0 0.0 avec
0.0 9.9853 0.0 bvec
0.0 0.0 13.8679 cvec
0.0 0.0 0.0 abc origin

Masses

1 15.9994  # O
2 1.00784  # H

Atoms  # atomic

65 2 1.5242992552 1.1049528681 1.5400663365 -1 -2 0
8 1 1.4668410146 0.8813428867 2.5168700151 0 -1 -1
13 2 2.3733886093 0.4316187881 2.6314122843 0 -1 -1
78 1 3.9093120992 0.1244836526 2.9354681147 -1 0 1
28 1 2.2764448785 0.5117570776 9.1278072881 1 1 -1
6 1 1.4331352226 1.0367520015 13.6305430246 -1 0 -1
21 2 1.8701021872 1.3869140627 4.1619239423 2 1 0
51 1 2.0144355909 2.04585696 4.9240715776 3 1 1
41 2 2.9488507888 2.1637358737 5.1962613409 1 1 0
48 2 3.4255137786 1.7235392982 8.3540952998 1 0 0
36 2 1.6086753722 1.9339072718 9.3247812286 0 1 0
62 2 2.367739794 1.4206574404 13.5378662192 2 0 0
47 2 1.5533830785 3.0922126272 2.7424592074 0 1 0
43 2 3.9280505506 2.7280566227 7.211085888 1 0 0
30 1 3.9729398012 2.5133081665 8.1657749471 1 0 0
29 1 0.8909242521 2.6971679251 9.443519658 0 2 0
70 2 1.3943716747 4.8178059958 1.1073564429 0 -2 0
27 1 1.0225332403 3.8069576047 2.2814134231 0 1 0
63 2 1.2786220924 4.8162111559 4.325477296 1 0 1
77 1 4.2733194379 4.4580747984 9.9293624347 0 0 0
35 2 1.2629448205 4.2890826777 9.4427659071 2 2 0
64 2 3.4070806764 4.9228503093 10.0740559262 0 -1 0
14 2 4.0346227871 3.7770608251 9.2354831949 0 1 -1
52 1 1.5839929625 5.5360264732 0.3631174947 0 -2 0
11 2 3.1826400603 5.485047864 0.8367209784 -1 0 0
5 1 4.0684976027 5.583381674 1.3113357811 -1 0 0
9 2 3.9214083937 6.1333145722 2.0942984489 0 0 0
80 1 1.540052056 5.7083715109 4.6789318139 0 0 1
85 2 2.171578346 5.5964555381 5.4961868179 0 0 1
92 2 4.0324770478 5.160234181 6.3324592005 -1 0 0
32 1 3.5694783183 6.01021802 6.6597513616 -1 0 0
53 1 1.4512604881 5.3176011586 9.4198431342 2 1 0
34 2 1.7641006602 5.8098443632 10.7989592029 0 1 -1
54 1 2.2657681859 6.114013087 11.6863409566 -2 0 0
72 2 1.9988860031 5.8177151623 12.6771784373 -2 0 0
49 1 4.0477492851 7.4182697768 3.4513089635 -1 0 0
94 2 4.2471063416 6.4852383099 7.2077109331 -1 0 0
68 2 3.555062313 7.6806544484 4.2958458039 -1 0 0
26 1 2.331940901 8.5471041119 6.9677920897 0 0 0
84 2 2.4358960042 7.5314743322 6.9439463122 1 1 0
82 2 2.5371518327 7.7737429941 11.4096750167 1 0 0
88 2 4.3106588188 8.4956240723 11.1730726554 2 -1 0
37 2 4.1097953811 9.1351248094 3.0305725402 -1 0 0
33 2 3.2043303021 8.75655419 6.4201119974 0 0 0
55 1 4.2199884285 9.6531858552 5.634475584 0 -1 1
45 2 2.3450156216 9.8923824377 8.350764335 -1 0 0
87 2 2.2874082808 9.8631705329 9.9595491866 0 0 0
12 2 1.5454511569 9.0394601909 11.8326003869 1 0 0
7 1 2.4069354189 8.7945264065 11.3697675683 1 0 0
25 1 5.6712891151 1.049648543 1.2162623135 0 1 0
46 2 6.5854489537 0.8057701114 1.5530359413 0 1 0
91 2 4.5215481202 0.5736802621 2.2969565822 -1 0 1
60 2 4.354986337 0.1722379953 4.797226971 0 0 1
2 1 5.8821009398 1.1135306665 10.2837542056 3 0 -1
39 2 5.635489779 0.1310597166 10.3562756612 2 1 -1
44 2 5.7028536711 1.2576544199 0.2508340347 0 1 0
22 2 5.1364849274 2.4789349743 2.1700399512 1 0 -1
4 1 6.9619265522 1.9194006142 6.598027345 -1 -1 0
16 2 7.7348724699 1.8409451133 5.8962727771 -1 -1 0
81 2 5.4602895745 2.4539301474 5.7829652703 0 0 1
10 2 7.1647223657 2.0206591302 7.5893852595 -1 -1 0
93 2 0.0988208734 2.3116459115 9.8588138523 -3 1 1
96 2 5.1352756042 1.5653066945 9.7665452895 2 0 0
67 2 6.1525366875 1.6572617875 11.6688062502 -3 0 0
1 1 6.1152749299 2.1794391488 12.5736348457 0 0 -1
24 2 0.6814260378 1.5998257482 13.2171886779 -2 0 -1
50 1 5.0406547571 3.3745089146 2.6410522715 0 -1 0
58 2 0.0 3.6330856082 2.2567638685 0 0 0
15 2 4.6590583906 3.0249351648 4.3663651213 0 1 -1
79 1 4.5996936222 2.8424511506 5.4347913214 1 1 0
71 2 5.6545569681 3.0879554601 12.4147679778 0 0 0
23 2 4.4614494366 4.1079601297 2.1276270626 0 0 0
40 2 4.7437076256 4.5870812323 11.3441501893 0 0 -1
73 1 4.8744871936 4.495704883 12.3389198147 -1 0 0
95 2 0.8168418219 6.1286104704 0.5570082426 1 0 0
59 2 0.6314670413 5.6924763577 8.9736776314 1 1 0
17 2 5.4044639304 5.9023670084 8.9091865216 0 1 -1
38 2 4.4625634082 5.3353257925 12.6674966677 -1 0 -1
56 1 6.4241949765 6.8932121755 1.4291127368 -1 0 1
19 2 5.5234845142 6.4603053832 1.3080243272 -1 0 0
61 2 6.6261955501 6.9706651039 2.4632602679 -1 0 1
20 2 4.9427783706 7.1151890821 3.7406429782 0 0 0
74 1 6.5034633631 7.22282659 4.1762283707 -1 -1 1
83 2 7.342804605 6.4972396491 4.2832261462 -1 -2 0
3 1 5.9982826449 6.6977097863 8.8866451111 -1 1 -1
89 2 5.8246845158 7.3666121361 9.646387333 1 0 0
90 2 6.4075436587 7.4982357002 5.1378896696 0 -1 1
75 1 6.5922106616 8.0059961443 6.5748591465 0 0 0
86 2 7.4898511469 8.4298971598 6.7315430488 0 0 0
18 2 6.3764660728 7.6270800603 7.4710226131 0 0 0
69 2 5.8233047484 8.4246774826 11.7267326497 1 -1 0
76 1 5.2705908163 8.4228364849 10.9049788009 2 -1 0
31 1 6.7853128288 8.7092505478 12.884736427 0 0 0
42 2 6.717677319 8.0820308932 13.6901647123 0 0 0
66 2 5.1254134001 9.328495963 5.9892441181 0 -1 1
57 2 7.1337785582 9.6149605642 13.1527170593 -2 -1 0

Velocities

65 7.4679232478 -7.8828539261 -8.6828700032
8 -3.2698446522 2.7759298822 7.1248321905
13 -5.4096099937 -10.7428160626 -17.6402331599
78 7.5786684666 -0.831400287 1.3518050789
28 4.5731426463 -0.5912725105 -2.9525719307
6 5.8253777063 1.985625022 -1.6311752103
21 18.7905938446 -1.7767322402 18.8179105791
51 3.7374759583 -0.1979634053 -6.3004265071
41 -13.5647838564 -34.9721136228 -32.5919124903
48 -9.4545396185 4.4946050337 -9.0611809149
36 15.7478300657 -1.8533826517 24.2567327005
62 2.9057135887 -4.6233006913 -25.6292911328
47 -18.300980863 -5.0693809079 5.576446379
43 -1.8711551729 -39.6390343662 18.8612485532
30 -1.5191627502 -3.9053326079 -3.1978407383
29 -4.7919305038 1.8254503654 7.04280403
70 22.6748698871 -9.6086886021 -15.505453518
27 -2.0918522277 1.8791680336 3.1075932381
63 -18.2310849144 -48.3701717196 -5.039069849
77 -0.0666902864 -2.5048594741 1.2445592027
35 15.071752915 12.8645446739 4.2159194131
64 -12.0311734791 23.0352608238 -17.3744749244
14 33.8395577321 -21.2710737311 -23.6240810642
52 -7.9925945456 2.1829309207 4.5986187089
11 -3.0149894328 26.5719313841 -1.0831984502
5 -1.0476166072 1.0056054336 -6.1962641941
9 -29.4831661977 -14.2149982538 1.3486201482
80 -4.0575921862 1.0096329518 -7.3713784658
85 -41.2902027732 4.627936453 5.812536647
92 11.6842687952 7.8275444076 4.1064557198
32 -2.911502541 -8.0919650015 8.0158425224
53 0.2884140692 -1.6189524111 4.4533225592
34 11.957472349 -5.0504698164 3.9157048607
54 -3.9988041734 0.1856306138 -0.0050096989
72 19.4993582105 -2.4662240326 11.3190662917
49 1.6221076439 5.1721958889 -2.6481071215
94 -13.7471220993 -5.4485523263 -9.3419229274
68 -8.1911884806 1.5147330971 -2.411603737
26 0.4126216479 -5.1290908699 1.5522026946
84 10.2704458558 -5.2519031473 2.8506287416
82 -12.4519463618 0.9326259429 -10.9157801173
88 -4.0295564545 1.3930536564 2.7979525587
37 -20.4356908089 5.4138966816 2.6642144694
33 19.2282785041 -15.2700680447 14.59826906
55 -6.8012063026 0.7282862876 -0.934213048
45 31.8796711608 -28.1878542013 10.5246194607
87 -10.9528029181 11.1188773792 8.045275248
12 4.2349752825 2.5511079604 4.0182980138
7 4.2284719687 -3.8119245323 3.8031836595
25 -0.2174002601 4.9776727794 3.4403087535
46 -1.6066284 9.4710288808 -9.1729505091
91 11.4442737027 -0.1474087693 4.1684958467
60 26.3657266025 11.5659333185 4.3762931615
2 -6.4813084735 -1.5981405249 -4.0574443735
39 9.0008135978 -23.3994840774 -15.7821610344
44 -19.0595747398 30.9919996779 -12.9723789207
22 9.7090721914 -10.3425411714 9.3198957797
4 -1.5109027974 2.9992807929 -0.1620179271
16 40.0134752634 -26.0074012886 51.2669730049
81 -6.3061417238 -14.8941015831 -15.9529242397
10 3.8822524675 9.2081154255 -12.6600159296
93 -9.4415382324 18.3088396866 -34.0879113026
96 -9.5271506059 0.2548747024 6.932838257
67 9.0719387778 19.0462476968 7.1325179052
1 -2.8280601719 4.5087595089 -2.1978317767
24 -7.4869226028 -17.5643980547 -1.0849414945
50 3.3167805172 1.1215587114 0.4808094533
58 7.7756172871 -9.5411625796 -10.2762550614
15 -7.0690338338 34.7375636348 -11.6043608917
79 0.4166031546 -5.5763883394 0.4236864249
71 9.4249939714 -4.611111178 18.3687661077
23 4.7907777435 32.7574666029 -2.7311000919
40 32.307365743 10.8388861444 -24.5149568193
73 5.0456547795 0.7066258792 1.4618527949
95 8.3147568712 3.6528105395 6.2500390705
59 12.6040938133 -24.0795464575 -1.9793172831
17 25.3833377434 -10.2514703027 -0.3385919601
38 6.0144100436 -31.668221137 -3.2330185475
56 -3.0451972682 -5.5206736225 -2.3791591574
19 1.114934148 2.2965253393 11.7994739596
61 -1.3287635531 4.4394202343 -2.2572127061
20 -6.1383290011 -13.0937020833 -10.2331024378
74 3.4720764042 5.5535819825 -3.2694524911
83 24.2923094049 -15.4499011938 -7.0572267631
3 4.2058706084 2.9893983849 5.9954388872
89 5.0771985249 -10.9282993015 -28.3151429792
90 15.5252344668 -0.1632732757 17.044620498
75 -3.4570119112 2.9144736832 -6.663907491
86 1.6910645992 -20.5898384555 -8.8716300158
18 -23.7749175881 -8.8975011337 15.1330319689
69 19.8348966771 -29.8495075695 -16.5423471564
76 1.5905162503 2.7650100557 -0.835900701
31 -0.7029368854 5.4722045985 -0.0905643697
42 6.6562771091 -3.4841938389 36.7914378453
66 7.0682559974 14.8909725403 -2.2181773479
57 -42.08039747 19.4324158797 27.6221955015
