Time[fs] MSD(O) MSD(Si) VAC(O) VAC(Si) Samples(O) Samples(Si) VAC_trunc(O) VAC_trunc(Si) Jt 
0 0 0 1 1 3072 1536 1 1 1
0.25 1.22342e-05 6.79468e-06 0.996868 0.997357 3072 1536 0.99686 0.997349 1.01479
0.5 4.8829e-05 2.71254e-05 0.98879 0.990766 3072 1536 0.988759 0.990735 1.02038
0.75 0.000109571 6.08896e-05 0.975852 0.980273 3072 1536 0.975785 0.980205 1.01681
1 0.000194112 0.000107961 0.958191 0.965956 3072 1536 0.958073 0.965837 1.0042
1.25 0.000301972 0.000168224 0.93599 0.947925 3072 1536 0.93581 0.947742 0.982759
1.5 0.000432584 0.000241427 0.909479 0.926315 3072 1536 0.909226 0.926058 0.952803
1.75 0.000585245 0.000327297 0.878926 0.90129 3072 1536 0.878594 0.90095 0.914732
2 0.000759269 0.000425542 0.844642 0.873039 3072 1536 0.844226 0.872608 0.869029
2.25 0.000953798 0.000535842 0.806969 0.841771 3072 1536 0.806465 0.841245 0.81626
2.5 0.00116777 0.000657796 0.766276 0.807716 3072 1536 0.765685 0.807093 0.757065
2.75 0.00140024 0.000791169 0.722961 0.77112 3072 1536 0.722286 0.770401 0.692143
3 0.00165029 0.000935367 0.677436 0.732244 3072 1536 0.676684 0.731431 0.622251
3.25 0.00191675 0.00108987 0.630132 0.69136 3072 1536 0.629311 0.690459 0.548189
3.5 0.00219829 0.00125433 0.581485 0.648747 3072 1536 0.580606 0.647767 0.470778
3.75 0.00249382 0.001428 0.531935 0.604692 3072 1536 0.531012 0.603643 0.390858
4 6.98803 6.22329 0.352909 0.432671 3072 1536 0.352213 0.431817 0.298647
4.25 15.0071 13.869 0.156458 0.256157 3072 1536 0.156109 0.255586 0.218221
4.5 15.0072 13.8691 0.142278 0.243965 3072 1536 0.141923 0.243356 0.179478
4.75 15.0073 13.8692 0.128242 0.23139 3072 1536 0.127885 0.230746 0.138123
5 15.0075 13.8693 0.114456 0.218489 3072 1536 0.114103 0.217815 0.0944814
5.25 15.0076 13.8694 0.101023 0.205316 3072 1536 0.10068 0.204618 0.0489142
5.5 15.0078 13.8695 0.088038 0.191926 3072 1536 0.0877097 0.19121 0.00181049
5.75 15.008 13.8695 0.0755876 0.178369 3072 1536 0.0752795 0.177642 -0.0464152
6 15.0083 13.8696 0.0637509 0.164697 3072 1536 0.0634679 0.163966 -0.0953323
6.25 15.0085 13.8696 0.0525979 0.150962 3072 1536 0.0523446 0.150235 -0.144495
6.5 15.0088 13.8696 0.0421897 0.137213 3072 1536 0.0419699 0.136499 -0.193453
6.75 15.0091 13.8696 0.0325777 0.123504 3072 1536 0.0323947 0.12281 -0.241757
7 15.0094 13.8696 0.0238039 0.109887 3072 1536 0.0236601 0.109223 -0.288963
7.25 15.0097 13.8696 0.0159005 0.0964148 3072 1536 0.0157975 0.0957902 -0.33464
7.5 15.01 13.8696 0.00888968 0.0831414 3072 1536 0.00882806 0.0825651 -0.378382
7.75 15.0103 13.8695 0.00278347 0.0701197 3072 1536 0.00276287 0.0696008 -0.419809
8 15.0107 13.8695 -0.00241599 0.0574017 3072 1536 -0.00239694 0.0569491 -0.45858
8.25 15.011 13.8694 -0.00671653 0.0450375 3072 1536 -0.00666021 0.0446598 -0.494386
8.5 15.0113 13.8693 -0.0101357 0.0330742 3072 1536 -0.0100455 0.0327798 -0.526957
8.75 17.1419 15.0058 -0.0105119 0.0229344 3072 1536 -0.0104127 0.0227181 -0.288111
9 17.1421 15.0056 -0.0125704 0.0145942 3072 1536 -0.012445 0.0144486 -0.266763
9.25 18.1151 16.1584 -0.0158547 -0.00375686 3072 1536 -0.0156876 -0.00371728 -0.202465
9.5 18.1152 16.1582 -0.0167245 -0.00928107 3072 1536 -0.0165386 -0.00917792 -0.183633
9.75 18.1153 16.1579 -0.0170988 -0.0144349 3072 1536 -0.0168986 -0.014266 -0.163104
10 18.1154 16.1577 -0.0170219 -0.019211 3072 1536 -0.0168124 -0.0189745 -0.141082
10.25 18.1156 16.1575 -0.0165413 -0.0236028 3072 1536 -0.0163274 -0.0232975 -0.117781
10.5 18.1158 16.1574 -0.0157063 -0.0276042 3072 1536 -0.0154931 -0.0272295 -0.0934166
10.75 18.116 16.1572 -0.0145676 -0.0312098 3072 1536 -0.0143604 -0.0307659 -0.0682022
11 18.1163 16.1571 -0.0131772 -0.0344148 3072 1536 -0.012981 -0.0339024 -0.0423424
11.25 18.1167 16.157 -0.0115871 -0.037215 3072 1536 -0.0114066 -0.0366354 -0.0160291
11.5 18.117 16.1569 -0.00984912 -0.0396066 3072 1536 -0.00968886 -0.0389622 0.0105596
11.75 18.1175 16.1568 -0.00801446 -0.041587 3072 1536 -0.00787834 -0.0408807 0.0372602
12 18.1179 16.1567 -0.00613304 -0.0431546 3072 1536 -0.00602441 -0.0423902 0.0639238
12.25 18.1184 16.1566 -0.00425325 -0.0443089 3072 1536 -0.00417475 -0.0434911 0.0904134
12.5 18.1189 16.1566 -0.00242145 -0.0450513 3072 1536 -0.00237492 -0.0441857 0.116597
12.75 18.1194 16.1566 -0.000681731 -0.0453851 3072 1536 -0.000668105 -0.044478 0.142346
13 18.12 16.1566 0.00092455 -0.0453157 3072 1536 0.00090534 -0.0443742 0.167522
13.25 18.1206 16.1566 0.00235898 -0.0448512 3072 1536 0.00230807 -0.0438832 0.191973
13.5 18.762 16.6754 0.00304058 -0.0285623 3072 1536 0.00297248 -0.0279225 0.0556679
13.75 18.7628 16.6756 0.00332771 -0.0274713 3072 1536 0.0032504 -0.026833 0.0995478
14 18.7635 16.6757 0.00340003 -0.0261128 3072 1536 0.00331814 -0.0254839 0.141708
14.25 17.4563 15.6157 0.00599266 -0.0354941 3072 1536 0.00584316 -0.0346086 -0.257679
14.5 17.4569 15.6159 0.00562419 -0.0360284 3072 1536 0.00547894 -0.0350979 -0.263244
14.75 17.4574 15.6162 0.00503245 -0.0362305 3072 1536 0.00489798 -0.0352624 -0.26863
15 17.458 15.6166 0.00421778 -0.0360994 3072 1536 0.00410124 -0.0351019 -0.273874
15.25 17.4585 15.6169 0.00318532 -0.0356378 3072 1536 0.00309436 -0.0346202 -0.278989
15.5 17.4591 15.6173 0.0019447 -0.0348526 3072 1536 0.00188734 -0.0338247 -0.283947
15.75 17.4597 15.6176 0.000509668 -0.0337543 3072 1536 0.00049415 -0.0327266 -0.288675
16 17.4604 15.618 -0.00110267 -0.0323576 3072 1536 -0.00106803 -0.031341 -0.293052
16.25 17.461 15.6184 -0.00287233 -0.0306811 3072 1536 -0.00277926 -0.029687 -0.296903
16.5 17.4617 15.6188 -0.00477708 -0.028747 3072 1536 -0.00461753 -0.0277868 -0.3
16.75 17.4623 15.6192 -0.00679325 -0.0265803 3072 1536 -0.00655947 -0.0256656 -0.302066
17 17.463 15.6196 -0.00889606 -0.024209 3072 1536 -0.00858076 -0.023351 -0.30279
17.25 17.4636 15.6201 -0.01106 -0.0216628 3072 1536 -0.0106565 -0.0208724 -0.301849
17.5 17.4643 15.6205 -0.0132596 -0.0189727 3072 1536 -0.0127617 -0.0182604 -0.298922
17.75 17.465 15.621 -0.0154687 -0.0161704 3072 1536 -0.0148714 -0.015546 -0.293705
18 17.4657 15.6214 -0.0176618 -0.0132873 3072 1536 -0.0169605 -0.0127597 -0.285937
18.25 16.8108 15.0531 -0.0239998 -0.0105118 3072 1536 -0.0230203 -0.0100828 -0.337361
18.5 16.8115 15.0533 -0.0254653 -0.00705508 3072 1536 -0.0243977 -0.00675928 -0.326803
18.75 17.0859 15.7769 -0.0444921 0.027274 3072 1536 -0.0425762 0.0260996 0.41099
19 17.0857 15.7771 -0.0456155 0.0306925 3072 1536 -0.043599 0.0293357 0.418724
19.25 17.0855 15.7772 -0.0464806 0.0339764 3072 1536 -0.0443718 0.0324349 0.422357
19.5 17.0854 15.7774 -0.0470701 0.037119 3072 1536 -0.0448792 0.0353912 0.421836
19.75 17.0853 15.7776 -0.0473703 0.0401126 3072 1536 -0.045109 0.0381978 0.417179
20 17.0853 15.7778 -0.0473715 0.0429484 3072 1536 -0.0450529 0.0408463 0.408487
20.25 17.0854 15.7779 -0.047068 0.0456148 3072 1536 -0.0447068 0.0433266 0.395941
20.5 17.0855 15.7781 -0.0464583 0.0480979 3072 1536 -0.0440703 0.0456257 0.379801
20.75 17.0857 15.7783 -0.0455452 0.0503813 3072 1536 -0.0431472 0.0477287 0.360396
21 17.0859 15.7785 -0.0443355 0.0524459 3072 1536 -0.0419452 0.0496183 0.338121
21.25 17.0862 15.7787 -0.0428402 0.0542702 3072 1536 -0.0404757 0.0512748 0.313415
21.5 17.0866 15.7789 -0.0410739 0.0558317 3072 1536 -0.0387537 0.0526779 0.28676
21.75 17.087 15.7791 -0.039055 0.0571073 3072 1536 -0.0367978 0.0538068 0.258659
22 17.0874 15.7794 -0.0368053 0.0580753 3072 1536 -0.0346294 0.054642 0.229625
22.25 17.0879 15.7796 -0.0343494 0.0587158 3072 1536 -0.0322728 0.0551661 0.200168
22.5 17.0884 15.7798 -0.0317148 0.0590124 3072 1536 -0.0297545 0.0553649 0.170786
22.75 17.089 15.78 -0.028931 0.0589532 3072 1536 -0.0271033 0.0552289 0.141953
23 17.0896 15.7802 -0.0260293 0.0585314 3072 1536 -0.024349 0.0547528 0.114114
23.25 17.0902 15.7805 -0.0230423 0.0577456 3072 1536 -0.0215226 0.0539372 0.0876784
23.5 20.0562 18.2579 -0.0082061 0.044847 3072 1536 -0.00765333 0.0418261 0.0558588
23.75 20.0566 18.2581 -0.00569999 0.0429456 3072 1536 -0.00530792 0.0399916 0.0521094
24 20.0571 18.2584 -0.0032291 0.0408873 3072 1536 -0.00300234 0.038016 0.0498011
24.25 20.3472 18.0684 -0.00743725 0.0317517 3072 1536 -0.00690417 0.0294758 0.205785
24.5 20.3473 18.0685 -0.0056222 0.0289095 3072 1536 -0.00521097 0.026795 0.180665
24.75 20.3475 18.0686 -0.0038683 0.0259165 3072 1536 -0.00357963 0.0239824 0.156152
25 20.3477 18.0686 -0.0022001 0.0227978 3072 1536 -0.00203263 0.0210624 0.132224
25.25 20.3479 18.0686 -0.000640487 0.0195813 3072 1536 -0.000590766 0.0180612 0.108854
25.5 20.3481 18.0686 0.000789577 0.0162958 3072 1536 0.000727079 0.0150059 0.0859982
25.75 20.3483 18.0686 0.00207179 0.0129714 3072 1536 0.00190462 0.0119247 0.063612
26 20.3485 18.0686 0.00319078 0.00963792 3072 1536 0.00292836 0.00884524 0.0416402
26.25 20.3487 18.0685 0.00413432 0.00632448 3072 1536 0.00378781 0.00579441 0.0200345
26.5 20.349 18.0684 0.00489358 0.00305937 3072 1536 0.0044757 0.00279812 -0.00124829
26.75 20.3492 18.0683 0.00546301 -0.000131029 3072 1536 0.00498779 -0.000119631 -0.0222415
27 20.3494 18.0682 0.00584059 -0.00322237 3072 1536 0.00532313 -0.00293688 -0.042962
27.25 20.3496 18.068 0.00602737 -0.00619301 3072 1536 0.00548358 -0.00563427 -0.0634102
27.5 20.3498 18.0679 0.00602737 -0.00902352 3072 1536 0.00547372 -0.00819465 -0.0835591
27.75 20.35 18.0677 0.00584729 -0.0116972 3072 1536 0.00530053 -0.0106034 -0.103351
28 20.3502 18.0675 0.00549591 -0.0142 3072 1536 0.00497285 -0.0128485 -0.12269
28.25 20.2019 17.7441 0.00332039 -0.0312528 3072 1536 0.0029988 -0.0282259 -0.0973685
28.5 20.202 17.7438 0.00299093 -0.0334933 3072 1536 0.00269619 -0.0301927 -0.121238
28.75 21.1631 18.7984 0.00904197 -0.0253566 3072 1536 0.00813549 -0.0228146 0.304189
29 21.2421 18.9135 0.015518 -0.000533952 3072 1536 0.0139356 -0.000479504 0.197557
29.25 21.2421 18.9133 0.0149309 -0.00259947 3072 1536 0.0133825 -0.00232989 0.187992
29.5 21.2422 18.9132 0.0141143 -0.0046524 3072 1536 0.0126259 -0.00416178 0.177716
29.75 21.2423 18.913 0.0130814 -0.00668585 3072 1536 0.0116788 -0.00596901 0.166967
30 21.2425 18.9129 0.0118471 -0.00869144 3072 1536 0.0105558 -0.00774413 0.155986
30.25 21.2426 18.9127 0.0104287 -0.0106592 3072 1536 0.00927336 -0.00947831 0.145004
30.5 21.2428 18.9126 0.00884538 -0.0125773 3072 1536 0.00784951 -0.0111613 0.134236
30.75 21.243 18.9124 0.00711813 -0.0144322 3072 1536 0.00630379 -0.0127811 0.123868
31 21.2433 18.9123 0.00526983 -0.0162083 3072 1536 0.0046573 -0.0143243 0.114054
31.25 21.2435 18.9122 0.00332485 -0.0178888 3072 1536 0.00293226 -0.0157765 0.10491
31.5 21.2438 18.9121 0.00130904 -0.0194563 3072 1536 0.00115204 -0.0171228 0.0965085
31.75 21.2441 18.912 -0.000750731 -0.0208935 3072 1536 -0.000659286 -0.0183485 0.0888848
32 21.2444 18.912 -0.00282702 -0.022184 3072 1536 -0.00247734 -0.01944 0.0820351
32.25 21.2448 18.9119 -0.00489217 -0.0233128 3072 1536 -0.00427775 -0.0203849 0.0759203
32.5 21.2451 18.9119 -0.00691876 -0.0242668 3072 1536 -0.00603659 -0.0211727 0.0704722
32.75 21.2455 18.9119 -0.00888015 -0.0250355 3072 1536 -0.0077308 -0.0217952 0.0655967
33 21.2458 18.9119 -0.0107507 -0.0256109 3072 1536 -0.0093384 -0.0222464 0.0611827
33.25 21.2421 19.0526 -0.01977 -0.0254879 3072 1536 -0.0171343 -0.0220898 0.178295
33.5 23.1072 20.4464 -0.0220606 -0.0384371 3072 1536 -0.0190761 -0.0332371 0.158987
33.75 23.1069 20.4464 -0.0224316 -0.039313 3072 1536 -0.0193525 -0.0339167 0.159172
34 23.1066 20.4464 -0.0226267 -0.0399748 3072 1536 -0.0194757 -0.034408 0.159241
34.25 23.1063 20.4464 -0.0226408 -0.0404115 3072 1536 -0.0194425 -0.0347028 0.159021
34.5 23.106 20.4464 -0.0224706 -0.0406142 3072 1536 -0.019251 -0.0347949 0.158343
34.75 23.1058 20.4464 -0.0221148 -0.0405764 3072 1536 -0.0189012 -0.03468 0.157042
35 23.1055 20.4465 -0.0215739 -0.0402941 3072 1536 -0.0183948 -0.0343564 0.154951
35.25 23.1053 20.4466 -0.0208501 -0.0397664 3072 1536 -0.0177347 -0.0338246 0.15192
35.5 23.105 20.4467 -0.0199477 -0.0389952 3072 1536 -0.0169258 -0.0330878 0.147815
35.75 23.1048 20.4468 -0.0188727 -0.0379854 3072 1536 -0.0159743 -0.0321518 0.142531
36 23.1045 20.4469 -0.017633 -0.0367454 3072 1536 -0.0148881 -0.0310252 0.136002
36.25 23.1043 20.4471 -0.0162387 -0.0352864 3072 1536 -0.0136765 -0.0297188 0.128203
36.5 23.1041 20.4472 -0.0147017 -0.0336224 3072 1536 -0.0123508 -0.0282459 0.119157
36.75 23.1039 20.4474 -0.0130359 -0.0317697 3072 1536 -0.0109235 -0.0266216 0.108929
37 23.1037 20.4476 -0.0112571 -0.0297469 3072 1536 -0.00940881 -0.0248627 0.0976253
37.25 23.1035 20.4477 -0.00938333 -0.0275742 3072 1536 -0.00782236 -0.0229871 0.0853812
37.5 23.1033 20.4479 -0.00743417 -0.025273 3072 1536 -0.00618129 -0.0210137 0.0723555
37.75 23.1032 20.4481 -0.00543111 -0.022866 3072 1536 -0.00450392 -0.0189624 0.0587113
38 23.1031 20.4483 -0.0033968 -0.0203763 3072 1536 -0.00280943 -0.0168529 0.0446034
38.25 22.6072 19.9798 -0.0058022 -0.000920987 3072 1536 -0.00478604 -0.000759691 -0.0663516
38.5 22.6612 20.573 -0.0115112 0.000720269 3072 1536 -0.00946954 0.000592523 0.04707
38.75 22.6609 20.5732 -0.0109981 0.00188903 3072 1536 -0.00902286 0.00154976 0.0411709
39 22.6274 20.8228 -0.00469145 0.0175111 3072 1536 -0.00383831 0.0143267 -0.0332744
39.25 22.6271 20.8229 -0.00390238 0.0178531 3072 1536 -0.00318389 0.0145661 -0.0309445
39.5 22.6269 20.823 -0.00315612 0.0180312 3072 1536 -0.00256784 0.0146703 -0.0289408
39.75 22.6266 20.8232 -0.00246573 0.0180529 3072 1536 -0.00200049 0.0146467 -0.0272344
40 22.6264 20.8233 -0.00184296 0.017927 3072 1536 -0.00149099 0.0145033 -0.0257879
40.25 22.6263 20.8235 -0.00129836 0.0176627 3072 1536 -0.00104739 0.0142486 -0.0245531
40.5 22.6261 20.8237 -0.000841178 0.0172692 3072 1536 -0.000676623 0.0138909 -0.0234677
40.75 22.626 20.8238 -0.000479358 0.0167555 3072 1536 -0.000384463 0.0134386 -0.0224654
41 22.626 20.8241 -0.000219589 0.0161308 3072 1536 -0.000175602 0.0128995 -0.0214749
41.25 22.626 20.8243 -6.7335e-05 0.0154036 3072 1536 -5.36876e-05 0.0122816 -0.0204259
41.5 22.626 20.8246 -2.69149e-05 0.0145826 3072 1536 -2.13958e-05 0.0115924 -0.0192547
41.75 22.626 20.8248 -0.000101275 0.0136759 3072 1536 -8.02658e-05 0.0108389 -0.0179073
42 22.6261 20.8251 -0.000292053 0.0126915 3072 1536 -0.000230767 0.0100283 -0.0163408
42.25 22.6263 20.8254 -0.000599539 0.0116372 3072 1536 -0.000472282 0.00916709 -0.014527
42.5 22.6264 20.8257 -0.00102238 0.0105202 3072 1536 -0.00080289 0.00826168 -0.0124513
42.75 22.6266 20.826 -0.0015577 0.00934731 3072 1536 -0.00121949 0.00731782 -0.0101086
43 22.6269 20.8264 -0.00220082 0.00812483 3072 1536 -0.00171758 0.00634086 -0.00750548
43.25 23.4948 21.6063 -0.00823411 0.00595543 3072 1536 -0.00640589 0.00463314 -0.130711
43.5 24.2469 22.3772 -0.014719 0.000190907 3072 1536 -0.0114145 0.000148048 -0.225287
43.75 23.9546 22.1965 -0.0158027 -0.00755222 3072 1536 -0.0122156 -0.00583794 -0.0939105
44 23.9546 22.1968 -0.0169161 -0.00984478 3072 1536 -0.013034 -0.00758553 -0.12145
44.25 23.9547 22.1972 -0.0180802 -0.0121373 3072 1536 -0.0138857 -0.00932151 -0.148658
44.5 23.9549 22.1976 -0.0192793 -0.0144053 3072 1536 -0.014758 -0.011027 -0.175137
44.75 23.955 22.198 -0.0204965 -0.016624 3072 1536 -0.0156378 -0.0126833 -0.200496
45 23.9552 22.1985 -0.021714 -0.0187687 3072 1536 -0.0165115 -0.0142718 -0.224368
45.25 23.9554 22.1991 -0.0229137 -0.0208152 3072 1536 -0.0173651 -0.0157748 -0.246421
45.5 23.9556 22.1996 -0.0240777 -0.0227394 3072 1536 -0.0181854 -0.0171747 -0.266359
45.75 23.9558 22.2003 -0.0251887 -0.0245186 3072 1536 -0.0189596 -0.0184552 -0.28393
46 23.956 22.2009 -0.0262304 -0.0261315 3072 1536 -0.0196757 -0.0196015 -0.298933
46.25 23.9563 22.2016 -0.0271879 -0.0275588 3072 1536 -0.0203232 -0.0206004 -0.311217
46.5 23.9565 22.2023 -0.0280478 -0.028784 3072 1536 -0.0208926 -0.021441 -0.320681
46.75 23.9568 22.2031 -0.0287987 -0.0297934 3072 1536 -0.0213763 -0.0221147 -0.327275
47 23.957 22.2038 -0.029431 -0.0305767 3072 1536 -0.0217681 -0.0226155 -0.330991
47.25 23.9572 22.2046 -0.0299374 -0.0311268 3072 1536 -0.0220633 -0.0229399 -0.331865
47.5 23.9575 22.2054 -0.0303124 -0.03144 3072 1536 -0.0222591 -0.0230871 -0.329966
47.75 23.9577 22.2062 -0.0305526 -0.031516 3072 1536 -0.0223539 -0.0230588 -0.325401
48 23.9579 22.2071 -0.0306565 -0.031358 3072 1536 -0.0223476 -0.022859 -0.318298
48.25 24.445 22.4062 -0.0240043 -0.0105782 3072 1536 -0.0174337 -0.00768266 -0.252358
48.5 23.8593 22.4036 -0.0235644 -0.012398 3072 1536 -0.0170505 -0.00897079 -0.293683
48.75 23.8594 22.4044 -0.0229635 -0.0136599 3072 1536 -0.0165533 -0.0098468 -0.283543
49 23.8176 22.2207 -0.0144658 -0.00567605 3072 1536 -0.0103883 -0.00407612 -0.207669
49.25 23.8177 22.221 -0.0147608 -0.00717076 3072 1536 -0.0105597 -0.00512988 -0.199794
49.5 23.8178 22.2214 -0.0149865 -0.00855166 3072 1536 -0.0106799 -0.00609425 -0.19034
49.75 23.8179 22.2217 -0.0151447 -0.00980345 3072 1536 -0.0107509 -0.00695925 -0.179547
50 23.8181 22.2221 -0.0152389 -0.0109154 3072 1536 -0.0107755 -0.00771833 -0.16767
50.25 23.8182 22.2225 -0.0152739 -0.0118818 3072 1536 -0.0107578 -0.00836865 -0.154959
50.5 23.8183 22.2229 -0.0152557 -0.0127025 3072 1536 -0.0107024 -0.00891119 -0.141658
50.75 23.8185 22.2232 -0.0151908 -0.0133825 3072 1536 -0.0106142 -0.00935074 -0.127983
51 23.8186 22.2236 -0.0150857 -0.0139327 3072 1536 -0.0104983 -0.00969598 -0.114127
51.25 23.8188 22.224 -0.0149469 -0.0143686 3072 1536 -0.0103595 -0.00995869 -0.100242
51.5 23.819 22.2244 -0.0147803 -0.0147102 3072 1536 -0.0102021 -0.0101537 -0.0864484
51.75 23.8191 22.2248 -0.014591 -0.0149811 3072 1536 -0.0100299 -0.0102981 -0.0728283
52 23.8193 22.2252 -0.0143829 -0.0152079 3072 1536 -0.00984576 -0.0104105 -0.0594414
52.25 23.8195 22.2255 -0.014159 -0.015419 3072 1536 -0.00965191 -0.0105108 -0.0463292
52.5 23.8197 22.2259 -0.0139215 -0.0156432 3072 1536 -0.00944996 -0.0106186 -0.0335263
52.75 23.8199 22.2262 -0.0136719 -0.0159093 3072 1536 -0.00924098 -0.0107533 -0.0210663
53 24.9925 23.7478 -0.016109 -0.0105909 3072 1536 -0.0108415 -0.0071278 -0.0120724
53.25 25.6329 24.4771 -0.00392534 -0.00977374 3072 1536 -0.00263038 -0.00654941 -0.100494
53.5 25.6331 24.4776 -0.00231853 -0.00935411 3072 1536 -0.00154688 -0.0062409 -0.104721
53.75 25.5894 24.702 -0.00671018 -0.00811739 3072 1536 -0.00445726 -0.005392 -0.0398981
54 25.5895 24.7026 -0.00525007 -0.00855746 3072 1536 -0.00347194 -0.00565915 -0.0500684
54.25 25.5896 24.7031 -0.00381424 -0.00904415 3072 1536 -0.00251115 -0.00595432 -0.0607218
54.5 25.5898 24.7037 -0.00242027 -0.00957656 3072 1536 -0.00158625 -0.00627648 -0.0716814
54.75 25.59 24.7042 -0.00108551 -0.0101519 3072 1536 -0.000708216 -0.00662337 -0.0827726
55 25.5903 24.7048 0.000173222 -0.0107658 3072 1536 0.000112499 -0.00699186 -0.0938202
55.25 25.5905 24.7054 0.0013401 -0.0114131 3072 1536 0.00086632 -0.0073781 -0.10465
55.5 25.5908 24.706 0.00240072 -0.0120874 3072 1536 0.00154475 -0.00777772 -0.11509
55.75 25.5911 24.7065 0.00334211 -0.0127818 3072 1536 0.00214044 -0.00818606 -0.124966
56 25.5914 24.7071 0.00415317 -0.0134893 3072 1536 0.00264733 -0.00859838 -0.13411
56.25 25.5918 24.7077 0.00482475 -0.014202 3072 1536 0.00306079 -0.00900968 -0.142349
56.5 25.5921 24.7083 0.00534969 -0.0149124 3072 1536 0.00337754 -0.009415 -0.14952
56.75 25.5924 24.7089 0.00572308 -0.0156123 3072 1536 0.00359583 -0.00980926 -0.155462
57 25.5928 24.7095 0.00594226 -0.0162933 3072 1536 0.00371536 -0.0101873 -0.160023
57.25 25.5931 24.7101 0.00600712 -0.0169468 3072 1536 0.00373747 -0.0105438 -0.163059
57.5 25.5935 24.7107 0.00591995 -0.0175641 3072 1536 0.00366501 -0.0108739 -0.164437
57.75 25.5378 24.4074 0.00166235 -0.0136877 3072 1536 0.00102401 -0.0084317 -0.157502
58 25.5381 24.4081 0.00143049 -0.0140876 3072 1536 0.000876756 -0.00863437 -0.158692
58.25 25.7562 24.73 -0.000214505 -0.0165174 3072 1536 -0.000130805 -0.0100723 -0.0546189
58.5 24.9548 24.1772 -0.0152569 -0.0349961 3072 1536 -0.00925609 -0.0212315 -0.0314821
58.75 24.9549 24.1781 -0.0146303 -0.0336367 3072 1536 -0.00883019 -0.0203016 -0.0381656
59 24.955 24.1791 -0.013984 -0.0320745 3072 1536 -0.00839627 -0.0192582 -0.044575
59.25 24.9551 24.1801 -0.0133174 -0.0303271 3072 1536 -0.00795413 -0.0181136 -0.0505661
59.5 24.9551 24.1811 -0.01263 -0.028415 3072 1536 -0.00750374 -0.016882 -0.0559972
59.75 24.9552 24.1821 -0.0119219 -0.0263612 3072 1536 -0.00704532 -0.0155784 -0.0607326
60 24.9553 24.1832 -0.0111938 -0.0241905 3072 1536 -0.00657953 -0.0142188 -0.0646484
60.25 24.9554 24.1842 -0.0104473 -0.0219294 3072 1536 -0.00610755 -0.01282 -0.0676343
60.5 24.9554 24.1853 -0.00968543 -0.0196058 3072 1536 -0.00563124 -0.0113991 -0.069596
60.75 24.9555 24.1863 -0.0089124 -0.0172483 3072 1536 -0.00515327 -0.00997319 -0.0704574
61 24.9556 24.1874 -0.00813398 -0.0148856 3072 1536 -0.00467708 -0.00855931 -0.0701625
61.25 24.9557 24.1884 -0.00735717 -0.0125463 3072 1536 -0.00420674 -0.00717384 -0.0686765
61.5 24.9557 24.1894 -0.00659032 -0.0102582 3072 1536 -0.003747 -0.00583242 -0.065984
61.75 24.9558 24.1904 -0.00584277 -0.00804813 3072 1536 -0.00330308 -0.00454982 -0.0620894
62 24.9559 24.1914 -0.00512452 -0.00594141 3072 1536 -0.00288041 -0.00333957 -0.0570134
62.25 24.956 24.1924 -0.00444594 -0.0039614 3072 1536 -0.00248453 -0.00221375 -0.0507926
62.5 24.2523 23.2607 -0.00654148 0.00866258 3072 1536 -0.00363425 0.00481267 -0.0479658
62.75 24.2524 23.2615 -0.00656366 0.0121676 3072 1536 -0.00362512 0.0067202 -0.044684
63 25.8446 24.2134 -0.0109608 0.00854148 3072 1536 -0.00601772 0.00468947 -0.0357451
63.25 25.8451 24.2142 -0.0116835 0.0114805 3072 1536 -0.0063761 0.0062653 -0.0148217
63.5 25.8457 24.215 -0.0124028 0.0142058 3072 1536 -0.00672778 0.0077058 0.00712962
63.75 25.9525 24.2004 -0.0186156 0.00781747 3072 1536 -0.0100364 0.0042147 0.0369299
64 25.9534 24.2011 -0.0193172 0.00905458 3072 1536 -0.0103507 0.00485169 0.0585267
64.25 25.9542 24.2018 -0.0199253 0.010108 3072 1536 -0.0106104 0.00538256 0.0795346
64.5 25.9551 24.2026 -0.020442 0.010963 3072 1536 -0.0108175 0.00580141 0.099652
64.75 25.956 24.2033 -0.0208702 0.011607 3072 1536 -0.0109745 0.00610343 0.118601
65 25.9569 24.2041 -0.0212146 0.012029 3072 1536 -0.0110846 0.00628516 0.136132
65.25 25.9578 24.2049 -0.0214806 0.0122209 3072 1536 -0.0111516 0.00634444 0.152024
65.5 25.9588 24.2057 -0.0216752 0.0121765 3072 1536 -0.0111797 0.00628049 0.166097
65.75 25.9597 24.2064 -0.0218059 0.0118931 3072 1536 -0.0111737 0.00609421 0.178203
66 25.9606 24.2072 -0.0218818 0.0113705 3072 1536 -0.0111387 0.00578805 0.188232
66.25 25.9615 24.2079 -0.0219123 0.0106123 3072 1536 -0.0110801 0.00536617 0.196107
66.5 25.9623 24.2087 -0.0219079 0.00962495 3072 1536 -0.0110036 0.00483428 0.201781
66.75 25.9632 24.2094 -0.0218789 0.00841877 3072 1536 -0.0109147 0.00419984 0.205237
67 26.4816 24.4724 -0.0231419 0.00942868 3072 1536 -0.0114659 0.00467152 0.227448
67.25 26.482 24.4732 -0.0229387 0.00783017 3072 1536 -0.0112869 0.00385279 0.221932
67.5 26.4825 24.4738 -0.022781 0.00607873 3072 1536 -0.0111313 0.00297019 0.214177
67.75 26.2051 24.4373 -0.0186913 -0.00293679 3072 1536 -0.00906885 -0.00142491 0.206858
68 26.2053 24.4379 -0.0192456 -0.00574605 3072 1536 -0.00927164 -0.00276818 0.195934
68.25 26.1531 24.5055 -0.0142681 -0.0382332 3072 1536 -0.00682457 -0.0182873 0.205011
68.5 26.1537 24.5058 -0.0153829 -0.0401713 3072 1536 -0.00730468 -0.0190756 0.189744
68.75 26.1543 24.5061 -0.0165302 -0.0419917 3072 1536 -0.00779229 -0.0197947 0.172595
69 26.155 24.5063 -0.0176938 -0.0436808 3072 1536 -0.00827947 -0.0204395 0.153702
69.25 26.1556 24.5065 -0.0188569 -0.0452272 3072 1536 -0.00875817 -0.021006 0.133233
69.5 26.1563 24.5067 -0.0200018 -0.0466215 3072 1536 -0.0092203 -0.0214913 0.111385
69.75 26.1569 24.5069 -0.021111 -0.0478569 3072 1536 -0.00965798 -0.0218939 0.0883809
70 26.1576 24.507 -0.0221671 -0.0489292 3072 1536 -0.0100637 -0.0222134 0.0644738
70.25 26.1582 24.5071 -0.0231533 -0.0498369 3072 1536 -0.0104303 -0.0224509 0.03994
70.5 26.1589 24.5071 -0.0240532 -0.0505813 3072 1536 -0.0107513 -0.0226088 0.0150748
70.75 26.1595 24.5072 -0.0248518 -0.0511663 3072 1536 -0.0110208 -0.0226903 -0.00981268
71 26.1601 24.5072 -0.0255349 -0.0515984 3072 1536 -0.0112338 -0.0227001 -0.0344086
71.25 26.1607 24.5072 -0.02609 -0.0518862 3072 1536 -0.0113859 -0.0226436 -0.0584007
71.5 26.1613 24.5071 -0.026506 -0.0520405 3072 1536 -0.0114737 -0.0225269 -0.0814893
71.75 26.1619 24.5071 -0.0267741 -0.0520738 3072 1536 -0.0114949 -0.0223568 -0.103393
72 26.7799 25.1657 -0.0152437 -0.0489977 3072 1536 -0.00649047 -0.0208622 -0.0892773
72.25 26.7807 25.1655 -0.014651 -0.0479198 3072 1536 -0.00618597 -0.0202328 -0.10463
72.5 25.772 24.2458 -0.0163317 -0.0210743 3072 1536 -0.00683742 -0.00882298 -0.0566736
72.75 25.7725 24.2457 -0.0159314 -0.0203163 3072 1536 -0.00661297 -0.00843311 -0.0597094
73 27.1837 25.7425 -0.0205255 0.00355348 3072 1536 -0.00844652 0.00146231 -0.061531
73.25 27.1845 25.7427 -0.0207051 0.00398504 3072 1536 -0.00844629 0.00162563 -0.0570243
73.5 27.1852 25.743 -0.0207917 0.00442238 3072 1536 -0.00840698 0.00178816 -0.0522693
73.75 27.186 25.7432 -0.0207854 0.0048555 3072 1536 -0.00832974 0.00194584 -0.0473486
74 27.1867 25.7435 -0.0206878 0.00527369 3072 1536 -0.00821611 0.00209443 -0.0423425
74.25 27.1874 25.7438 -0.0205009 0.0056663 3072 1536 -0.00806795 0.00222992 -0.037327
74.5 27.1881 25.7441 -0.0202277 0.00602249 3072 1536 -0.00788734 0.00234834 -0.0323716
74.75 27.1887 25.7444 -0.0198716 0.00633156 3072 1536 -0.00767657 0.00244594 -0.0275391
75 27.1894 25.7448 -0.0194364 0.00658304 3072 1536 -0.00743799 0.00251922 -0.022885
75.25 27.19 25.7451 -0.0189263 0.00676694 3072 1536 -0.00717407 0.00256502 -0.0184589
75.5 27.1907 25.7455 -0.018346 0.00687411 3072 1536 -0.00688737 0.00258065 -0.0143032
75.75 27.1913 25.7458 -0.0177004 0.00689672 3072 1536 -0.00658053 0.00256401 -0.0104522
76 27.1919 25.7462 -0.0169947 0.00682844 3072 1536 -0.00625615 0.00251372 -0.00693572
76.25 27.1925 25.7466 -0.0162344 0.00666483 3072 1536 -0.00591695 0.00242913 -0.00377468
76.5 27.1931 25.747 -0.0154253 0.0064038 3072 1536 -0.00556562 0.00231056 -0.000983045
76.75 27.1938 25.7474 -0.0145737 0.00604566 3072 1536 -0.00520492 0.00215918 0.00143374
77 25.4431 24.3648 -0.0183875 -0.00110509 3072 1536 -0.00649953 -0.000390621 0.00242649
77.25 25.4431 24.3644 -0.0185249 -0.000904641 3072 1536 -0.00648 -0.000316442 0.00429683
77.5 25.4431 24.364 -0.0186285 -0.000735392 3072 1536 -0.00644765 -0.000254532 0.00635393
77.75 26.0514 24.4022 -0.017241 -0.00622556 3072 1536 -0.00590384 -0.00213182 0.0454391
78 26.0516 24.4019 -0.017624 -0.0057953 3072 1536 -0.00596991 -0.00196309 0.0485466
78.25 26.0518 24.4017 -0.0179478 -0.00547647 3072 1536 -0.00601323 -0.00183484 0.0516317
78.5 26.0521 24.4015 -0.0182091 -0.00527705 3072 1536 -0.00603337 -0.00174849 0.0546758
78.75 26.0525 24.4013 -0.018405 -0.00520479 3072 1536 -0.00603004 -0.00170524 0.0576629
79 26.0528 24.4011 -0.0185333 -0.00526706 3072 1536 -0.00600326 -0.00170609 0.0605842
79.25 26.0532 24.401 -0.0185922 -0.0054709 3072 1536 -0.00595321 -0.00175178 0.0634347
79.5 26.0536 24.4009 -0.0185805 -0.00582276 3072 1536 -0.00588029 -0.00184277 0.0662143
79.75 26.054 24.4009 -0.0184975 -0.00632811 3072 1536 -0.00578509 -0.00197911 0.0689243
80 26.0544 24.4009 -0.0183433 -0.00699135 3072 1536 -0.00566841 -0.00216045 0.0715644
80.25 26.0548 24.4009 -0.0181182 -0.00781515 3072 1536 -0.00553112 -0.00238581 0.0741311
80.5 26.0553 24.401 -0.0178229 -0.00880006 3072 1536 -0.00537427 -0.00265355 0.0766155
80.75 26.0557 24.4011 -0.0174583 -0.0099435 3072 1536 -0.00519893 -0.00296109 0.0790002
81 26.0561 24.4013 -0.0170259 -0.0112398 3072 1536 -0.0050063 -0.00330494 0.0812627
81.25 26.0566 24.4015 -0.0165271 -0.0126792 3072 1536 -0.00479758 -0.00368059 0.0833713
81.5 26.057 24.4017 -0.0159637 -0.014249 3072 1536 -0.004574 -0.00408268 0.0852879
81.75 26.0574 24.4019 -0.0153375 -0.015932 3072 1536 -0.00433683 -0.00450493 0.0869705
82 26.7789 25.3526 0.00504264 -0.0290158 3072 1536 0.00140685 -0.00809516 0.107683
82.25 26.7795 25.3524 0.00609158 -0.0301715 3072 1536 0.00167651 -0.00830373 0.109986
82.5 25.1674 24.193 0.00836141 -0.00923372 3072 1536 0.00226962 -0.00250641 0.0287661
82.75 25.1679 24.1931 0.00853209 -0.00811933 3072 1536 0.00228369 -0.00217321 0.0292623
83 25.1684 24.1933 0.00859201 -0.00695725 3072 1536 0.0022672 -0.00183583 0.0297448
83.25 25.1689 24.1934 0.00854349 -0.00575874 3072 1536 0.00222202 -0.00149775 0.0302126
83.5 25.1694 24.1936 0.00838964 -0.00453637 3072 1536 0.00215018 -0.00116262 0.0306602
83.75 25.1699 24.1939 0.00813397 -0.00330392 3072 1536 0.00205376 -0.000834212 0.0310786
84 25.1703 24.1941 0.00778028 -0.00207663 3072 1536 0.00193488 -0.000516436 0.0314573
84.25 25.1708 24.1944 0.00733243 -0.000870658 3072 1536 0.0017956 -0.000213211 0.0317864
84.5 25.1712 24.1947 0.00679427 0.000297735 3072 1536 0.00163793 7.17765e-05 0.0320561
84.75 25.1717 24.195 0.00616933 0.00141269 3072 1536 0.00146375 0.000335178 0.0322584
85 25.1721 24.1954 0.00546114 0.00245985 3072 1536 0.00127488 0.000574241 0.0323872
85.25 25.1726 24.1958 0.00467312 0.00342712 3072 1536 0.00107307 0.000786953 0.032437
85.5 25.173 24.1961 0.00380862 0.00430521 3072 1536 0.000859992 0.000972122 0.032402
85.75 25.1734 24.1965 0.00287134 0.00508804 3072 1536 0.000637362 0.00112941 0.0322732
86 25.1738 24.1969 0.00186541 0.0057733 3072 1536 0.000406927 0.00125941 0.0320395
86.25 25.1742 24.1974 0.000795536 0.00636252 3072 1536 0.000170491 0.00136355 0.031687
86.5 25.1746 24.1978 -0.00033276 0.00686067 3072 1536 -7.00367e-05 0.00144398 0.0311988
86.75 25.175 24.1982 -0.00151313 0.00727552 3072 1536 -0.000312661 0.00150335 0.0305556
87 23.0879 21.6156 0.00233539 0.00978696 3072 1536 0.000473588 0.00198467 -0.000421599
87.25 24.3848 22.4524 -0.00212789 0.0169648 3072 1536 -0.000423323 0.00337497 0.0142286
87.5 24.3847 22.4522 -0.00198721 0.0150893 3072 1536 -0.000387686 0.00294378 0.00396616
87.75 24.3847 22.452 -0.00196683 0.0131186 3072 1536 -0.000376132 0.00250877 -0.00615539
88 24.3847 22.4518 -0.00207135 0.0110768 3072 1536 -0.000388131 0.00207558 -0.0160531
88.25 24.3847 22.4516 -0.00230354 0.00898851 3072 1536 -0.000422752 0.00164959 -0.025642
88.5 24.3847 22.4514 -0.00266452 0.00687887 3072 1536 -0.000478709 0.00123586 -0.0348364
88.75 24.3848 22.4513 -0.00315358 0.00477283 3072 1536 -0.000554388 0.000839045 -0.0435519
89 24.3848 22.4511 -0.00376817 0.00269455 3072 1536 -0.000647858 0.000463272 -0.0517054
89.25 24.3849 22.451 -0.00450418 0.000666657 3072 1536 -0.000756969 0.000112038 -0.0592182
89.5 24.3851 22.4509 -0.0053558 -0.00128971 3072 1536 -0.000879352 -0.000211753 -0.0660166
89.75 24.3852 22.4508 -0.00631557 -0.0031554 3072 1536 -0.00101246 -0.000505849 -0.0720332
90 24.3854 22.4507 -0.00737459 -0.00491369 3072 1536 -0.00115364 -0.00076867 -0.0772093
90.25 24.3855 22.4506 -0.00852272 -0.00655025 3072 1536 -0.00130018 -0.000999271 -0.0814959
90.5 24.3857 22.4505 -0.00974855 -0.00805321 3072 1536 -0.00144934 -0.00119729 -0.0848558
90.75 24.386 22.4504 -0.0110396 -0.00941311 3072 1536 -0.0015984 -0.00136291 -0.0872641
91 24.3862 22.4503 -0.0123822 -0.0106224 3072 1536 -0.00174467 -0.0014967 -0.0887102
91.25 24.3864 22.4503 -0.0137621 -0.0116752 3072 1536 -0.00188557 -0.00159964 -0.0891988
91.5 24.3867 22.4502 -0.0151637 -0.0125674 3072 1536 -0.00201861 -0.00167299 -0.0887492
91.75 24.387 22.4501 -0.0165711 -0.0132956 3072 1536 -0.00214145 -0.00171817 -0.0873975
92 25.2192 22.1473 -0.00178588 -0.0141158 3072 1536 -0.00022383 -0.00176918 -0.124185
92.25 24.7742 21.945 0.00419961 0.00278401 3072 1536 0.000509984 0.000338079 -0.0997524
92.5 24.7743 21.9447 0.00274153 0.0025249 3072 1536 0.000322232 0.000296771 -0.0986189
92.75 24.7745 21.9445 0.00130491 0.00235801 3072 1536 0.000148286 0.000267957 -0.0964992
93 24.7747 21.9442 -9.93646e-05 0.00228039 3072 1536 -1.09037e-05 0.000250237 -0.09347
93.25 24.7749 21.9439 -0.00146121 0.00228865 3072 1536 -0.00015464 0.000242208 -0.0896207
93.5 24.7751 21.9436 -0.0027715 0.00237896 3072 1536 -0.000282484 0.000242474 -0.0850518
93.75 24.7753 21.9433 -0.00402206 0.00254712 3072 1536 -0.00039423 0.000249662 -0.0798728
94 24.7756 21.9429 -0.00520551 0.00278878 3072 1536 -0.000489882 0.000262448 -0.0741996
94.25 24.7758 21.9426 -0.00631518 0.00309906 3072 1536 -0.000569617 0.000279529 -0.0681532
94.5 24.7761 21.9422 -0.00734532 0.0034728 3072 1536 -0.000633801 0.000299656 -0.0618561
94.75 24.7763 21.9418 -0.00829083 0.00390404 3072 1536 -0.000682943 0.000321589 -0.0554297
95 24.7766 21.9414 -0.00914743 0.00438629 3072 1536 -0.000717699 0.000344144 -0.0489916
95.25 24.7769 21.941 -0.00991171 0.00491198 3072 1536 -0.000738855 0.000366157 -0.0426522
95.5 24.7771 21.9405 -0.0105814 0.00547278 3072 1536 -0.000747335 0.000386526 -0.0365126
95.75 24.7774 21.9401 -0.0111556 0.00605984 3072 1536 -0.000744179 0.000404248 -0.0306615
96 24.7777 21.9396 -0.0116343 0.00666369 3072 1536 -0.000730521 0.000418417 -0.0251743
96.25 24.778 21.9392 -0.0120191 0.00727474 3072 1536 -0.000707573 0.00042827 -0.0201119
96.5 24.7782 21.9387 -0.0123126 0.00788324 3072 1536 -0.000676581 0.000433186 -0.0155198
96.75 24.7785 21.9382 -0.0125186 0.00848022 3072 1536 -0.00063881 0.000432735 -0.0114295
97 21.4104 20.3008 0.00132984 -0.00750457 3072 1536 6.26439e-05 -0.000353514 -0.00379677
97.25 22.103 21.6284 0.00327529 0.00122159 3072 1536 0.000141438 5.27525e-05 0.00299093
97.5 21.9165 21.8126 0.00413263 0.00886988 3072 1536 0.000162246 0.00034823 0.00707405
97.75 21.9161 21.8128 0.00500521 0.0108301 3072 1536 0.000176862 0.000382686 0.00640741
98 21.9157 21.8131 0.00578709 0.0127837 3072 1536 0.000181777 0.000401545 0.00565217
98.25 21.9154 21.8133 0.0064749 0.0147141 3072 1536 0.000177966 0.000404423 0.00483627
98.5 21.915 21.8136 0.00706584 0.0166031 3072 1536 0.00016647 0.000391164 0.00399071
98.75 21.9147 21.8139 0.0075579 0.0184312 3072 1536 0.00014839 0.000361873 0.00314821
99 21.9144 21.8143 0.00794972 0.0201789 3072 1536 0.000124869 0.000316957 0.00234118
99.25 21.9141 21.8147 0.00824079 0.021827 3072 1536 9.70823e-05 0.000257137 0.00159989
99.5 21.9138 21.8151 0.00843164 0.0233575 3072 1536 6.62213e-05 0.000183448 0.000950422
99.75 21.9136 21.8155 0.00852367 0.0247549 3072 1536 3.34723e-05 9.7212e-05 0.000412917
